.Random.seed <-
c(403L, 10L, -396641909L, -1073118871L, 1570450232L, 246715878L, 
-8834687L, -3005165L, 534061762L, -2043433612L, 1974521207L, 
1361163885L, 1708611844L, -288150486L, -1402838635L, -1511057873L, 
357888822L, 1944800096L, 1064219043L, -1284328767L, -1602016592L, 
-2013084210L, 1859762489L, -253201077L, 964345594L, -1604259844L, 
-454864833L, -1642641131L, -2013359572L, -1198383358L, -1263784995L, 
173721303L, 1956483518L, -6581256L, 367085531L, -261096903L, 
553499528L, 328993590L, 866163057L, -1608879197L, -2062040334L, 
919503428L, 1921879303L, -1769745187L, -848412204L, -890796806L, 
1805704261L, 70134943L, 2011164198L, 1734568624L, 497391443L, 
-1702530447L, 1571430304L, -1977845954L, -1007305143L, -1136157957L, 
-2133701942L, 851917868L, 1308165167L, -1794446107L, 1373488540L, 
1369499634L, 1466593901L, -322947161L, 1890118094L, -1080352984L, 
-1477257941L, -612706487L, -1505354664L, -1144280826L, -874400543L, 
1393980531L, 1533018338L, 1052772436L, 944557399L, 2098355533L, 
-219545372L, -1917051702L, -1554394827L, -561268849L, 1303635094L, 
2092051520L, -1700029181L, 1864364321L, -1658848752L, -648510994L, 
1682699673L, -1656655317L, -1788779750L, 696056284L, 763260895L, 
-108316747L, -272027316L, -312084574L, -1573789955L, 118370295L, 
-1959462626L, 177079256L, 882689339L, -1729740071L, 1599602280L, 
-634789994L, -2006004975L, -92535613L, 845196498L, 98269540L, 
-403948377L, 1801732605L, 1013951476L, 83223770L, -1080498651L, 
961936191L, -1861297978L, 1547244880L, -1649435277L, 1359644561L, 
640129472L, 60152734L, 1881335145L, -1807147621L, -685104982L, 
2039365324L, -680239217L, -2110018619L, -1652519044L, -623956014L, 
-1560772787L, 410500615L, 1560149486L, 1174857928L, -732207157L, 
490844713L, 1584894072L, 1915661734L, -2147182655L, 760589395L, 
736133890L, 1845151284L, 700826551L, 215311277L, 105646276L, 
2099637482L, 1522148181L, -269847313L, -655828234L, -1240521184L, 
236870627L, 1116999809L, -2112999696L, 332307854L, -239938823L, 
-786444149L, -1498539846L, 2050943932L, 117641471L, -1683934123L, 
-1550622868L, 1385934786L, -1260902371L, 1254774935L, -1644182018L, 
930043320L, 903952795L, 906117113L, 1336125256L, 1312490102L, 
780557233L, -1745443357L, -288597326L, -705849596L, 1268755527L, 
1450543901L, 1778512276L, 1932408122L, -742045307L, -2043172257L, 
-1958097690L, 301858672L, -416743277L, -1068610255L, -685786144L, 
1598785662L, 986673929L, -141355717L, 1266673930L, -270067476L, 
-1820138129L, -1853617499L, -1922038692L, -995900366L, -1259060435L, 
-1885980185L, -105716466L, -1588839704L, -820693781L, -1849291383L, 
1981213976L, -1356484538L, 752408737L, 1691000627L, -1850478942L, 
-450478700L, -698375145L, -1688542195L, 2136060196L, -47604470L, 
-902153099L, 1571346383L, -337774378L, 315693184L, -1821088061L, 
1665028193L, 244744400L, -580060626L, 1333726169L, -868396053L, 
2097541722L, 1351787548L, 1605689631L, 800264565L, 1238372364L, 
1036016098L, 198263485L, 1265106231L, 246325726L, 1436821272L, 
-384602501L, 2071034905L, -141701976L, 1376917344L, -1477714974L, 
-1913320536L, 40996044L, 859294204L, -599208014L, -851141136L, 
-1719796284L, -255332008L, 136127866L, -523297360L, -1531214916L, 
591390804L, -894640190L, -1742014432L, 1435259068L, -1095665072L, 
-1551247390L, 2065587816L, -1192550836L, -1858246404L, -38080526L, 
-1748482816L, -1052476556L, 1203124232L, -1006351942L, 102321616L, 
-149531668L, 1550003092L, 992758738L, -1014493344L, -382797492L, 
-1668521696L, -1871548542L, -1208783128L, 1737865452L, -1217839556L, 
-646012046L, 2033821296L, 1005636644L, -121987272L, -1634172774L, 
555214544L, -1421458244L, -1757877612L, 901167746L, -1573130048L, 
737838396L, -749221744L, -1145627102L, -1785636344L, -711568116L, 
2104943260L, -833317358L, 1141428608L, 1272955412L, -1462378968L, 
-1201282758L, -1688986672L, 242642540L, -1559889100L, -2403694L, 
-1075255968L, -103205556L, 930964448L, -637943902L, 657940392L, 
-2047144052L, 2031966908L, 719895410L, -219717392L, 1062349892L, 
-1330655912L, 1066790970L, 1007240048L, -618384324L, 1085418260L, 
-480522814L, -2066772768L, 160020348L, 24803024L, 61209250L, 
1258591272L, -310755060L, -1178424388L, -1184307918L, 628791232L, 
194758196L, -2061358136L, -1078623046L, 1419618192L, -1160123924L, 
373642324L, 854030994L, 1219021600L, 486392268L, -264954912L, 
-1036413246L, -247302616L, -859033940L, 1710909116L, -779558414L, 
-1399318224L, 359573668L, 1343961784L, 1051320154L, -1606771312L, 
377621884L, 739889428L, 1252166978L, 749556480L, 1442909116L, 
1674154832L, 592758050L, -1631671992L, 1187671052L, -929022884L, 
-647289646L, 1958413312L, 880109396L, 1092065768L, -956933126L, 
986950352L, -240245460L, 246578420L, 614196114L, -496382880L, 
1781586188L, 1424169696L, 1203725666L, -516745560L, 234569292L, 
1400402812L, 1988542258L, -510967184L, 686788932L, -835008552L, 
971785338L, -1293587920L, 1766387388L, -452087980L, -1779171774L, 
1556856736L, -579576644L, -2036207152L, 1417609570L, 118376424L, 
1814272972L, 685457148L, -845732878L, 1042789504L, 637509876L, 
-1746382712L, -1261833926L, 1958761296L, 912973932L, 136723604L, 
1543120210L, 856408800L, 354036940L, -463950688L, 1823362434L, 
-2033582872L, 512789740L, -373823428L, -875299726L, 1052966000L, 
-890166748L, -958876104L, 1818477082L, -1650617136L, 1116554812L, 
1963823252L, -92988286L, 1238621120L, 1057771836L, 1972362896L, 
-446548958L, 1908596744L, 960308364L, -1559952356L, -260386670L, 
-1466792832L, -599651308L, 414201640L, -471910342L, 859842768L, 
-532993940L, 1395195572L, -1369994222L, 1961587680L, -1420713012L, 
1703145952L, -2039306206L, -1566374616L, -1741270772L, -881442244L, 
1639786738L, 1682484464L, -1341008060L, 1892977752L, -1192499654L, 
-229928720L, -395401540L, 1895531028L, 836119746L, 2108619360L, 
844603772L, 1462529232L, 785393698L, -1412791128L, -859549300L, 
-1239608900L, -957481934L, -705784000L, 192942772L, -782852792L, 
1883383482L, -619277552L, 490977516L, -1882252204L, 1758198546L, 
-996942432L, 2143205324L, 292512608L, 244452546L, 1244791336L, 
1688771738L, 647275023L, -73193895L, -1976550674L, 551891324L, 
1246691821L, -636367209L, 1468156256L, -264000194L, -301941237L, 
-501921139L, 1261553594L, 1629058552L, 1597870497L, -2623661L, 
-496642444L, -828475390L, 1100243607L, 1574431841L, 1584703654L, 
-1941219164L, 1824747861L, -406941185L, 884230296L, 594023862L, 
653770307L, 400696197L, 2002274338L, 1664830224L, -183826759L, 
-1131619477L, 2039157340L, -1245188214L, 2131967871L, -1530932535L, 
-1464050850L, -902766580L, 253317085L, 427203303L, -2132389104L, 
-230929874L, 477163739L, 477572541L, 1846188842L, -1668959288L, 
-1321717519L, -769667485L, -802858396L, -1780319854L, 683832935L, 
-151939535L, 126192502L, 88957076L, 404074149L, 103865263L, -1153107864L, 
-83489722L, 365971955L, -152046251L, -1906237646L, -1614351616L, 
824170473L, -586405285L, 1043035308L, 152013498L, 29974639L, 
567295481L, 1969973390L, 321241436L, -1191233075L, -1660035785L, 
-297889856L, -791320418L, -2063954581L, 1545016557L, 410035546L, 
730121752L, 1749160833L, -838891213L, -2129500332L, 1855111522L, 
-1127454217L, 86338113L, 2113928902L, -1492385788L, 1972342709L, 
1023033503L, -1662501640L, -525146922L, 1478841699L, 694427941L, 
1888245442L, 486790064L, -810897447L, 1072146763L, -1324789828L, 
-873887766L, 615403551L, -1326426455L, 302975550L, 220288812L, 
35344765L, -236204089L, -2101168464L, 361821390L, -1085850117L, 
-719034787L, -1746095734L, 677808552L, -1180850415L, 390149635L, 
-310857468L, 1069385010L, -1104768121L, -467148335L, -1580909738L, 
-230977228L, 58961989L, 338049167L, -67758584L, 1767291430L, 
825739987L, 1964219445L, 2117862290L, 125608800L, -2046501175L, 
-629587461L, -1187697204L, 1775746138L, -1997725361L, -619978727L, 
-299497938L, 1859513404L, -1143944787L, -943863209L, -681892960L, 
-589526786L, -2088977461L, -1098129971L, -71405318L, -1802554568L, 
1863315681L, 1810817939L, 783321012L, -1784529726L, -168783657L, 
